x1 x2
-9.17278812463588 -2.64014025185069
-10.3050654903362 -3.54805270376202
0.833775956340654 -6.9675343241856
11.1057829597952 -1.39597782732084
-13.5904903049095 4.69661753245567
1.47709149662119 -2.9304298563699
-10.8713269449287 1.68807816393475
3.28817883354376 2.48734718168471
-10.9270338249306 2.02573177978021
2.57250869758426 5.52491024578634
-12.4648015414571 4.86489546466468
-8.78255690906126 5.05514387546107
-7.61470555532986 0.238423921989062
-5.77923849481835 -1.99671569972135
-0.599363101684245 -4.49997584179001
-8.47485622305525 1.44384721401617
-4.56411833435983 -3.87444100429296
-8.49601660471308 6.74437142534991
-1.81618784581551 -5.06351015403305
-2.23502149683055 4.16586405862284
-0.284505678868093 -6.19075792243138
-10.8402425389818 -2.79151770391882
0.54825924108307 -4.49667131219746
-3.3900290515439 0.480170644906869
0.877141015708774 -5.51047905035151
-0.663923067355584 -5.62506464494605
-3.40176934290556 -3.40515711331021
-3.20555390560202 -9.30162068266804
3.34409378064342 5.39392763104107
-7.5854019002932 -0.969137611009217
-4.38296760694028 3.43834764271392
-11.0431731849652 4.03426206903397
-1.61237851739804 -1.49437391450119
-8.70348529568861 6.11351379279269
-2.49918842817209 -7.92059103767589
-12.5656635490623 4.01605270821936
-8.78513152971552 4.57683697861753
3.49014992183717 3.07912381372456
-8.6988623239408 0.72935611069934
-14.405134089018 -1.35827263594882
-6.86369850653705 2.04723183324992
0.283190362368707 -5.55879453355391
-11.9663719064426 -1.58938456319742
-5.83552568895387 -7.49094737456234
-0.469188194351545 -3.37258257737746
-7.07670730867657 4.3886628917177
-8.00588305452274 0.0327701686261457
-6.62473513871277 1.02365893890507
-3.39299405818893 -6.66808138919809
-9.80289186921635 5.80795984619921
-11.5532821449909 5.10732004695185
-8.52991234609711 2.62819357209673
-7.91421426065268 0.741630763658714
-2.99445536680212 -4.66440646448723
-1.90221121277098 2.71551798279846
-11.1286177254993 0.4019419437512
-12.777878107565 0.952997063139125
4.29666547393438 3.00899873922375
-9.67648478119923 -0.596023080363181
-9.00526278309252 3.83793912266581
-2.34161319450349 3.21492826086006
-10.3015820952764 1.69721862419152
-3.80626373471321 0.589087855640094
2.87880377779979 7.63374222839311
-3.55070052776573 -10.7133627620798
-10.5070402675884 -0.80772668353558
-10.368415140263 1.83587323427793
-11.8384803310108 3.53932362758737
-7.29473241308918 -9.01338289620783
-11.96653078997 6.77399967240775
-9.63755899165085 3.5764203331714
-1.23452033556538 -4.66332208204574
-9.01783885757865 -2.76102768287672
2.33118787644196 7.6200737894152
-5.97982964110854 2.05224471484201
-6.73838604692469 -1.15553163463749
-2.40836514986178 -4.51715799876713
-8.48860996144824 2.97349137721685
1.89418008308882 -0.357002104404121
-11.8645752367709 0.239530923844369
-8.92152784364195 1.12551977282
-9.31960681236694 -3.21234054601741
-8.81837086079322 5.92267559319464
-1.30320554430648 9.64459800118767
-1.37255549977723 4.24354243299534
-11.9156216301029 5.44640725789073
-3.5581709538167 -10.9094232595486
-2.35550129598353 -7.43093805512453
1.32282903106272 6.75476513992708
-13.8190339765928 1.38892126069499
4.57845924780339 0.0724694358827271
-1.76740222804979 1.05023409737183
0.0553047902060362 -0.311064709044772
-8.07971669402071 -1.55615335529384
-7.73194572384624 0.301742114684494
-3.4629097867295 4.2768548312894
-2.62507303646967 -4.2090164048628
0.0435982949461351 3.43885231154961
3.27143344041704 5.53896843315726
-1.77664517043077 -7.15567839903594
-8.89852906386172 1.43998615975299
-1.19540199723824 -2.10924123399367
-2.41079075558479 3.47514794624613
2.96393720081077 2.46126942699813
-10.1072898651527 2.52962675734036
-0.76394037137523 5.13616006861107
-10.1445311175183 3.06975878394734
-12.0964595871358 -0.690491432622696
-9.28515849860228 0.326441637041019
-4.17211477079334 0.519952608100188
4.94831111615628 -0.880234173892897
0.648884660909397 -3.64161342631187
-10.9339216810499 -1.50628334476916
3.62256878724231 7.84530223905573
-8.82823710192153 1.59249044495655
-6.11947461696656 3.06786809296417
-7.33576173382979 5.04484405243459
3.1931617975096 7.55233973972756
-8.19383783744598 5.14148807360741
-10.6547317508393 1.10436294032322
1.50499335911963 6.90862132187519
6.15440542221931 -1.82303129985862
-10.4619460628965 -1.07663430518914
-0.0886645471329306 -2.77235371799568
-11.3751587434472 1.91960536868726
2.27528133011342 0.741756581875045
-11.3300729392034 3.01905365828427
0.466214848907148 -7.69927934747044
-8.66391220063181 2.26110417677369
-14.2899343900009 1.08631042947165
3.11426054820576 0.166704247728011
-4.3284382135386 9.35473480758735
5.77285252672358 3.05013977259122
0.39183159589405 -6.19679514688427
-3.62723751704697 -6.43413487293187
2.84096005744714 1.48631398575006
5.98026516659056 6.32208285402247
2.28776745651695 -3.39682274890135
-5.62986182496402 4.02599696353566
-4.17594801996353 4.29354514638116
-11.5476937418464 4.51311655897121
-12.3277574258538 1.51822852980729
-5.48768598562409 -0.061326962318978
-8.63757070530226 -0.642306194045483
-10.7713079286165 5.33379478691296
-11.1305698621556 -0.0371324997623828
-3.10167373504659 -8.32991464313838
-13.1280827476509 11.3515088055602
-1.0685550070733 -5.3391631230198
-9.0518978462278 1.36318584056962
-10.2200787972176 4.24171731649318
0.518490960236838 1.33680929435339
-4.27065032998169 -6.87369288705224
0.105151154362165 5.70256549450798
-11.0454849399362 1.02545916928277
-4.84537101776085 3.11253298575413
-1.43710263960188 -2.85774472919056
6.40776460162969 6.57482884530192
-11.3505617524557 1.44513756739187
0.362728974680645 -4.29557878860095
-7.11812796391357 5.35837759204443
0.588562814312052 -6.66984379240784
-1.97439028295071 -7.19283369374874
-4.75798085255244 -9.10432152051558
-7.68582607325134 1.88837350319236
-4.81872904214918 -6.90827608792106
-1.7766111413974 4.91496163768644
-14.320785686885 2.87622296786088
-0.932003244564378 -7.09284040259454
-10.3799684894373 -0.376094928981936
-8.95321904635463 -1.03071243696373
-5.24237116674464 -6.62030050397166
-8.38195203090156 2.96758881933352
-13.5519008248218 3.67572879080042
3.11266674777542 5.47196254672798
-16.2247404752131 4.77139732392448
-1.9894336751961 -7.68540243945273
-13.1972141268383 1.71964931641187
-8.12110394789723 -7.7628224887593
-2.65417807533137 -5.49114597341711
-9.46382252956022 8.62644774031286
-7.31783498238653 4.2518157850739
0.658106590232596 -6.12176745850994
-3.56504752939366 -3.64119594582751
-1.05990586545953 -4.49291851268214
-7.37672116747731 -2.33367734686076
-11.1271709344761 3.96849587576885
-5.42325702568821 -9.5518261701225
-7.63837336248826 3.14635018182431
-10.9062262496393 3.04824440666997
-13.9032686797592 0.628555609162737
4.50289382263749 -1.35752514103193
-9.80360911292845 3.79302404050275
-2.63556196692422 -5.86029820400737
-13.3949033295056 3.83162078495446
2.08716711299477 7.87714557344482
-0.388571398985975 -5.14277333413089
-10.667011369532 0.662743147097922
1.79884456149452 7.252852124701
-11.1085734464646 5.64862531314903
0.264820533943347 -2.86457210098488
-4.83177754419099 4.18692339855207
-8.63925226915664 -0.184363232530611
-12.1436019729548 1.90298377520585
-0.585899931994647 7.16024749895894
-8.47639016386612 3.34442172957088
0.600819066156842 -5.10856957372
0.371760524011161 -5.69087299550304
-8.05440884612722 3.80895083114183
-0.567859384651858 -6.25119528553456
-3.14440438991029 -5.96247753249595
-10.8879795593896 2.99615870422342
-7.91653882182897 6.3112933520156
1.00220803249272 1.76273371347677
1.02957116188404 1.40240074289033
-2.20152802047496 6.60605470811135
-11.2972832471116 1.22402033827226
-10.5332741854796 0.146210609278511
-11.7926510317005 0.115216874381583
-9.1820075998058 3.01572289864296
-2.52182274095654 7.19051681632798
-0.816521940567789 -7.30479319765032
-10.798551036832 -0.461265990594456
-11.3233471166379 5.82866518354731
-10.9752403340964 3.72663317182364
1.9090279885007 13.0606108049401
-14.0399606831181 0.178186617506481
-10.3828978884667 -2.11216556191833
-0.123983287186645 -3.39622328000069
-3.19307454231738 -5.70043271981539
-5.98092700152943 -8.44515390180218
-13.3144635506572 1.21196931016801
-10.0345953595126 -2.43458059678159
3.3998586626638 9.7192540350118
-6.8513228693995 1.79338965928716
-8.55345506159272 4.8027402389796
-6.74016240183058 0.988873637254322
1.84161983428232 8.53367096558021
-9.44791014109801 3.43833222515609
-1.54501970248182 1.71076789026843
1.58237164722328 7.01537153153557
-9.52307427185788 -0.911653914963852
4.10960155838697 3.87947883790549
-9.68141777178583 -0.230460417952548
-10.0578372697043 -4.25762581918171
-7.51961132254983 4.24034706050203
-3.94600715503318 5.60266134424595
-10.9878120112895 3.62014842886802
1.53350672818514 4.02842188948816
-9.8060146097738 1.20039240286387
1.13737470296606 -0.66772435026761
4.18459534371317 5.4796470024987
-7.86785679588838 -0.707441272663465
-11.4224568595528 -0.180305653276485
-9.2629904006709 -0.275292696391526
-4.67065106420049 0.0567476701289706
-12.1637723955228 0.324235407106118
-9.82220708339092 4.53562001720876
-3.73135685678217 -6.34458038578582
-0.200521500870008 11.4225272145094
1.83843861920391 -2.60900978133239
-7.87924625250585 -1.85255294183654
-10.9329749762298 2.28108853612302
-8.95038046843688 2.30294461921637
2.90206886093119 3.01268805875665
0.224370702745086 -5.5554617724987
-5.09462337802996 12.9767056021824
0.0645012929256632 -4.68645634584946
-2.32325391071555 -8.02929492141829
-12.5245362177694 2.04787593237012
0.732623396705395 -2.96300933915347
-10.8594255416187 4.81278342235474
-4.0370331002574 -4.11387224906701
-10.9506876670886 -2.0852860751856
1.83792578069295 4.7464418600999
-5.62257468465024 5.49648857604486
-0.881892784410282 -6.55774947116511
-3.36426066789131 3.14698207108572
-1.56391306145337 -5.68451324803421
1.23515936142045 -3.81756550841511
-9.37794125562066 3.36793852591566
-11.7549948827935 -0.0545617969919117
-0.935440469797057 -6.10389527584795
-1.43160321093592 0.576160190979927
0.69017097320435 8.06829549575015
-9.65608578044938 5.60599746528785
-0.866214802720995 -2.5756226903487
-11.2018759943455 6.31984840349703
-10.8026911668454 1.59754417909172
-10.4748551087459 2.01488751054824
-11.1571464858254 3.77620187398184
-7.4285745259691 4.74862738491693
-11.6238777489516 2.65463311838324
-9.62931716339467 -1.44937401300247
-2.18471454789199 -6.13307975832242
-9.5949812676514 -0.832418511885522
-10.2011340157156 3.64273402666713
-8.72550026730221 3.1284724938817
-7.42490205638863 1.05063954563994
-0.5065154095586 -6.86640062733009
-13.6887773504966 6.31552580000525
-6.17606730635944 2.40597048309967
-8.36822833404669 0.448328794097257
-11.7595072954678 2.50116397800353
-8.41287321581992 4.3285205421748
-7.65875663116712 1.64956344763379
