x1 x2
-1.3338003670596 -7.167169019182
-8.12238252893114 10.4428266101087
-5.36755945391368 -4.13027867956425
0.284671911793628 4.84119851139623
-8.97734148661355 7.32482435963467
-7.60269629448418 0.603846805627716
-3.71139470043454 -4.64032600934713
2.53592955811641 4.84639059846856
-6.78980225380428 6.79366804840805
-3.75669888801653 -4.34853481366825
6.8301644194455 0.819517749926276
-2.7688062407154 -1.91974359676568
0.770304473915941 4.80386733907546
6.26508801845266 2.2830585507654
-7.16878737766148 8.28887028349505
-5.97225922286336 -0.0399439116299094
-5.53380339589152 -1.49971268713875
4.07946870888866 5.99862201241257
-5.02813119607551 8.04960487677906
-5.3489224009559 4.80988874500633
-6.01565561237885 5.64854296162062
-7.57657406546459 4.34993495322024
-0.0194320321090715 -1.92301918802234
-3.83077019459049 1.94437277995658
6.17705249323627 7.78381428672938
-9.87259766138886 6.835892010423
-9.64823478825672 8.99672475344267
-1.8812781469652 -3.32374110035983
-8.07672492142908 8.31140402092728
-3.46401363429511 4.31869923175817
-0.256124050342564 4.5912407988882
-6.2071440022998 6.7463668413792
-5.1887650386418 -3.38426671777352
-4.55164075747146 5.56897653445533
-4.38511058240735 -5.49189541112354
-2.26510988235695 -1.34356228888598
-8.9576953159398 0.524386861550921
-5.6946490686304 9.71760275835359
-2.5509486665557 -6.0495825136666
-4.66072482952149 -0.61394722785428
-3.07463333661534 -2.81375519963732
-5.87425185406912 2.74448935266586
-5.41638286546585 6.28916202857009
0.919829539946914 3.11937664140031
-9.79560334828299 7.71637658677969
-7.40128471464657 8.12556080232978
-4.14826226463857 8.37792834780042
-1.45306396537059 0.225829953033782
-1.91038454550091 7.28785540076488
0.606230866323788 -2.65123623768209
-0.552332921204775 5.16476034961846
-4.30142442037177 -5.03761816670182
-8.0030425530339 6.67966618292102
-7.20961597429634 8.43931346974659
9.28768444514019 1.95239296524012
7.04817655402233 7.26012976382721
7.762124107441 4.79541252447778
-3.19750872329589 4.69800150245172
0.0243981016437527 3.77964023854595
-7.92620497590853 7.49741340139506
4.56564121405739 2.01209000050692
-2.36008307011934 0.300851308874742
-8.71531691692154 8.13685042994646
-1.02340017513847 -5.65525875646922
-5.01877164044442 -2.33273775653866
-2.79746325405867 -2.81201712531855
-1.27496016071008 0.0160529539684671
-2.48150977275841 -2.80958896873093
-6.44035621465756 12.6449087541968
-4.41543686728853 0.355939512404869
-2.94049641634094 5.73097118983992
0.768748052670133 -4.49337963702438
5.18007213087397 1.04563749669982
-4.96444816901972 4.77834026629152
-4.31295949955642 7.23666547745128
-5.94204038338996 -2.66234632282913
-5.3822988682254 8.78133226612861
-6.22768244388246 5.13812975115163
-3.63062311186525 -3.38528744044572
-7.5971026733607 11.97456606652
-1.51394622141453 -2.29721295366713
-6.75127793033915 -3.05582276624063
-4.13918849839685 -0.358443181988593
-6.9647148695169 10.7499167888839
-8.74256351577991 8.32331368720632
-4.40585752403706 5.26883587928468
-1.36138934327354 -3.79154674495017
-6.26735234766957 7.17955999443369
3.62552880149467 4.60133614133808
-4.65533703960714 -4.33302686524059
-4.91422777239547 4.72159802410254
-2.65197577947079 -4.90474576211322
-3.54780490275152 0.230404107351368
-5.84167594292323 8.50644625894903
-4.7169539583695 5.64899344308038
-5.49582447568713 -4.31216648924487
2.6968179535119 3.22844530870566
0.246956825599867 5.49341444051471
-3.31225831263009 6.87237110201231
3.56967814078403 1.24826594835047
-8.95386339199647 -5.75447221713266
5.11095860810839 -1.13090832796764
-0.806051869638948 2.04139501611888
-3.78612722212989 -9.5988564303172
-9.19977491288097 8.7632472879922
-4.10625344883608 5.90974470985068
-1.77211754818647 3.03670387924748
6.62685690629958 4.96033179848102
3.55930339606903 1.05392674939422
-4.67850982392222 -5.85579194801992
-6.04229753680122 5.72525075866375
-3.49670925762637 -0.207993059332116
-1.95449463946703 -5.56595698871171
-1.69559793889407 3.25147679363959
-5.5015725256646 4.49515619686014
2.47101792134959 8.15152828616107
-7.6182052295425 8.03808478821887
4.06182258672598 5.38707344031602
3.90208561672541 2.57067711275595
6.05567792377206 2.95349876680324
-5.11105375749085 6.87760737854369
-3.43974779604315 2.58320621864355
-7.32945360978977 7.08387954302717
6.60987363343444 4.1188741363207
-7.21247083470732 8.3703112355445
-6.98152626243321 8.83932949543072
-3.43699663939627 -1.9519118294318
-6.90067641251775 10.9285412684399
3.21909612555253 6.07244314750656
-7.2276913191882 8.38727020953359
-4.2288855739899 8.02859710392392
-5.24829388795783 -2.0388347292315
5.77212390879287 -0.320101359558174
-6.2056954148198 5.7878339298095
-6.91548695681047 7.70195722076322
-4.18726464186487 6.93499560840189
-0.368820880415244 -5.55073477330722
-1.24609127680204 -4.19366208987862
-3.03888835196293 5.74963925416712
-3.36349235891086 -3.12441853817969
-3.19705914099011 -7.97211544385852
-7.96845306958986 5.18426679072645
-3.39127247044971 -1.50216824449919
-5.50015561060381 6.84691610466252
3.23078983161401 4.87987624081109
-6.3258935376646 -1.76819843544329
-2.21032100458365 -5.57521060813825
-4.8621856288136 5.79900302066957
-6.68672460560305 -1.62457129309184
-7.38683460374795 6.43091098829
3.1158254912672 2.61002105374452
7.37207137416484 2.18554454893183
-5.66033784894818 7.8935926377961
-2.40963535186821 -8.0924378950793
5.81284704732429 2.61860252443674
6.05695014383167 5.92590184589447
-4.35101988648866 6.58585317700065
-2.04367979406537 -10.1706983064934
-7.17292531101213 7.79019198203797
-6.69983613507542 1.60620467595047
-7.25463489222514 6.6243781587359
7.91385870685331 3.70084791796144
7.12539080458656 2.63002547930584
-1.50921384245155 -1.1442747261474
-2.04223297673532 4.10958159134346
-2.48826031527958 -1.44968897295385
-3.43869742329903 -0.0127489502830964
-8.42757085594775 9.27476438402191
2.24477554642931 2.25151158320144
-7.10007361781099 9.30194982136342
-5.1292931952165 -1.78910788681649
-4.51484490185896 6.48095343886763
-5.03348964259497 6.59416838517689
-1.95808211289433 2.08248657393423
6.70136704525654 2.12747440653343
0.223219302218225 -0.545580461982819
-4.47324084735987 -5.53796382078662
-5.39620617768948 -2.03287845213922
1.73517274228577 0.0203811181286331
-5.10427621067917 9.28503026260377
-7.83117892503398 8.50929952768171
3.01055913527915 3.44299956708477
-3.32407409345901 -5.69098719013858
-4.78256648678019 -1.69655972929001
-9.21450057197857 8.2247541173833
-0.880430623343634 -1.04250545189011
-7.03331681853611 8.62618281395026
-7.95892974430785 5.27976674480115
-6.52197605040324 4.97886484000772
-1.69596866138487 2.50227134059317
-6.4186829343385 6.79528544057298
-7.98737213866656 9.85623809356853
-3.47680950708459 4.90588007102525
4.93250546283758 3.68180907797839
-5.09689918052434 7.07892651268667
-3.17396662521817 6.7021455910485
-6.05208091907114 4.94769174423621
-4.4150559762173 -3.26216481136684
-7.55560197540143 2.71110879092789
-0.615561887059874 -0.983748157295624
-4.80338202866027 9.6339436616247
4.52329973611551 9.604009524365
-3.89733933922287 -7.17308512229012
-2.72199804571238 0.272639849258741
-4.47084846170699 -4.10139661328537
-3.96631242390029 3.47930403211946
-6.05967277408642 6.17078034194868
-7.71724378660515 6.01100537307629
-7.66250113821302 9.36192276508896
4.06613496774965 3.08121098921004
-3.11498090902814 0.163501010686233
-0.224940296366421 3.87835333603071
-2.97591461583241 -4.1333191557383
-3.38264549207491 -3.55043973640069
4.94913943508106 10.0568120606483
-5.19874621607504 5.93624475246735
3.97267161260554 3.8239253951228
-4.0200687832842 -1.37578476391476
2.20642172134326 3.68901534849461
-4.60020270643656 7.88233019930305
-3.72860797901672 -1.10660266533435
-1.09499300681677 -5.79883022421712
-6.36111276084983 7.00832247520978
0.532632172974395 -2.36006523983807
-3.05591053364049 -2.5049161049837
-3.9660933593236 8.09272758593718
-6.6217005680476 6.47795322946755
0.975800639114876 5.60168948234756
3.18031698244397 5.91542655922924
-6.51941748067941 4.79718494164032
-7.29892711455756 -5.0511849831513
-6.57261031512875 8.92787568693414
-4.21671749899554 -4.14419617878121
0.786614310377474 1.06014048024734
-1.6512836141539 -0.00222371150862477
-0.969656685985223 1.89593062334355
-8.23408065923928 -3.12405087811456
-10.6895946542479 6.42922612455401
9.72315913439219 3.82997534996839
-6.19282887900552 5.10671015066483
-2.74710595148456 5.70005115559807
-6.74226355005479 -5.52911526307445
-3.18036546997965 -4.12898580824095
2.849616901506 5.92538963578499
-6.99364659113695 -5.23368301181139
-6.58897205425152 7.17486602775376
-4.70883453104823 -3.56144819998615
-4.52609526265092 -1.1442061732155
-2.49190827626933 -6.93191800699379
-2.2665315987362 -3.48009468655328
-0.0564040917597861 0.106168334714773
-1.70561704527183 5.772131117522
-2.14964219699122 5.1324294609591
-2.8532899103424 7.22882532453323
-4.01917048243537 8.71475110941008
-4.57812284677756 7.75721508999711
-1.94043861246077 -3.13043715691088
-4.53868901255634 8.17650224390106
-6.293078471902 -0.563654797990462
4.30075853276723 4.13652872944748
-5.850606499105 -3.73611614590948
-4.63496449549649 6.94452542954679
-6.67244009116795 0.300719265860129
-3.71011075633067 -2.54895879764518
-4.83921799201929 -2.47335257906359
-5.59702454681298 2.81077174100503
-6.33564592375564 -2.19188482888857
-0.510410464045314 4.81933194234499
-4.27295127456252 7.20313395014561
-5.59431909958608 3.38887722567692
-6.14032166737042 0.358211701909362
-6.36355972569539 9.52601312689581
-2.62222116528989 -4.38202695093923
-6.52951735212343 7.90981491761231
-1.6569981364177 4.24563712977719
-5.13302250542122 5.51577562614036
-4.47105549152354 5.61821003064278
5.20073259996337 5.6305928796447
2.35988121817249 6.90834168983862
-3.76520552812663 8.21224105984373
-8.17536052240665 7.26134265702164
-5.11708929071228 -2.66828120099632
-4.13159078926651 6.85354537540215
-4.96299003572128 7.96445121832137
-4.42368380552935 -4.24503065780694
-4.15471212486249 4.92295219755705
-4.18593002276351 6.73103254621883
-4.28670882097519 -2.39355781607464
-7.05069134779187 3.87219763342868
-4.64184152204502 7.73290656463677
-3.92842982332353 6.17115861381482
3.96700623889754 -0.253621288413937
3.94076813375608 -2.35349246991007
-6.10226054346436 6.93067302387494
2.91002089707871 8.9871186124774
-0.548211511339837 -1.90536607881479
-8.72492777104118 7.91270970183475
0.557358002636225 1.14241549635311
-11.7742427768993 10.6704528240763
-4.9311584953677 7.03831858683109
-4.85925692511591 -3.93572553917912
-6.31549675029167 6.63370715957188
-5.96659216648858 -6.49824443454823
2.97646387675563 3.7580363948047
-6.65565692942278 10.062066149626
-2.7045062572118 6.46912217276077
-6.46227964754504 10.3839009011459
-4.94373881863229 -4.56180075239948
-1.64718792247558 -2.56426995950787
-9.8561980577157 11.4467576733252
-7.82211590854627 9.0019699632828
-3.25574069423963 3.31418842278578
-5.99369140371776 5.53134514479184
-7.0537285306241 8.58266643968854
4.43300355341111 2.65997683258481
-2.59888834322382 5.33869152326119
-7.38076059272652 5.5506395686246
-3.62663781742885 3.44720261234483
-9.32601871839024 10.2633037565095
-5.56944409838694 6.39530731725205
2.58728257138363 6.70152882240412
5.77984264914577 2.35582238647421
4.6657809171326 5.91628939717152
-3.12000311058103 -0.120108647049999
-4.65842816862101 7.32135900828626
0.254208641186743 -2.54497596299597
-4.74400549655762 7.73656840261553
-7.27777260266055 9.09508381013297
-6.84443200115068 11.2575121965562
-0.704559006657177 -0.233284745015096
-0.104543239289471 -0.299560833182036
-2.85608080640922 7.95578759457082
-3.19276964480224 -6.05671424291521
-4.66114970996774 0.370772261191718
-1.50033562543429 -2.97062043798229
-4.13725585959195 -1.15914801507927
-3.04490255820098 0.534319155643941
-6.98053243355738 8.56994749027746
5.23935012624144 -2.11662683940685
-5.23862293235526 -3.00707576764092
1.77146700546561 1.38604649654917
-6.46182854437851 9.2242419125048
-2.96967785435344 4.36777463536772
7.77037769336871 1.12329263597009
-5.97075792559475 7.52417634957295
-4.90848302118875 9.19505061073733
-4.68456905277141 -1.45539653347098
-0.968880289679261 -4.04567922089978
-2.65273200930478 5.49438522010337
2.27523282248933 6.67022041288884
-5.52017969494225 7.61153968550937
-6.08612407725551 3.06689958854741
-5.90614931709331 5.68533189419276
-2.58989334389828 -4.64182409730447
8.30592291281982 1.7520880098902
-4.81853145093809 10.4316554097217
4.87571989889048 -0.851235226580815
-3.45216414380137 -2.82863228697336
-4.7600706607314 4.74226846897792
-3.42717665876676 6.64355704215224
-3.39307480507803 -2.01291831195077
-1.59944352711488 0.267317664334909
-3.61930755785844 4.56097527679192
-5.49017137776014 -5.17001059546404
-3.17881590820715 3.25597533734292
-3.8115572551446 7.6822625844658
-2.82566314553324 7.21252554949778
-5.24219570602004 -1.87843826759965
2.03461652017598 3.43341951509816
-1.27401763968259 4.60764601498341
4.97054071699647 4.27466536640438
-1.4035999220872 -3.47863648963313
3.90950536062705 -2.52883731408006
-6.90750066930946 8.77032260938546
-3.67663039080302 2.76913390508015
-6.60292415535874 -2.64213165748295
-7.60548431673103 0.217794687816409
-6.49470380030208 -5.15306213571623
-3.50685357027105 2.46455036012239
-2.94461444395414 -3.85166077384645
-2.04809323286691 -5.65947443804715
-3.5814658387539 3.41227537667163
3.4821997789689 -1.91888494799487
-2.59585239914538 -2.02814633020221
-10.5568118463059 7.80136122092509
-4.03996416506578 -2.1462341470207
7.73574300651709 2.20239873362492
5.30504025334468 5.91767510180845
-2.019728152684 3.52530131055754
5.53758641201542 -0.017042331388907
-7.03760245315426 6.08117316120139
0.509428235751966 -2.35351324415295
-6.1871327276533 -1.24454646685432
-6.17210724740264 8.50268975854346
-7.39564656879961 -5.94573250414076
8.02134475144215 2.48793262523083
-6.25277879072445 8.12126593944955
-7.74878272299245 -2.88437179390822
-5.23079302900038 -2.84924085939368
-6.65878572665528 10.2518490967695
-4.53256316358019 6.23145246552952
-7.41183851658118 6.2072642034991
-2.19094763184246 -3.85898534368448
0.662419763829467 4.90826446458114
-4.68126076228548 -4.10199183641146
-5.15353510492768 6.67513053591978
0.610746865732182 -2.26887619063956
2.11372541431558 6.44759744048736
-7.89109937902918 7.7823846289821
-5.56283955197705 6.47571675294267
7.18680209443459 1.38219174227663
-9.78571566999114 9.71152635137017
-5.0351347340963 7.20397771917598
-5.50598704977796 -5.6690404846398
-5.34765248925714 4.45288084730752
-4.33204804957672 -4.15520831286784
8.80096373098836 2.52251488792151
-3.45138600094416 5.62899258870831
7.7903545959822 2.68942656669862
-4.96860898828802 -2.46582407634578
-4.61139833655252 5.60561463023812
-6.48333890675072 10.4029913165601
-6.03468080352322 7.4178698379023
-6.95661154320284 -1.30959540952285
-4.30987710449436 4.75781358505138
-2.62795046994332 -4.32427025308563
8.9269408041506 -2.80399986642976
-8.47156308663035 6.81344517265644
-6.03555884993531 8.5705398360106
-3.95207502502543 4.57170951181217
-6.5580226746765 6.52001717564726
-6.27608501157354 4.46945468963748
3.43801431546253 2.23796383299398
-3.65839587681095 7.6288122000759
-4.25966144404165 -3.27785761841006
6.1200880783403 7.65628264629137
-5.19152651591217 0.442584101081365
-2.11876735518882 4.21067002736667
-1.66637341318147 -3.47481387065914
-7.61851664738278 9.62332811271494
-3.0300833412398 -3.13272833398025
-7.20071034744302 7.7923275926965
-5.84370311434175 -4.24499407167999
-5.08273441494561 -0.0268322342479901
-5.18946631359048 6.87206955776943
-3.66864695271116 -1.8921182112587
5.3520880445542 3.30731963050161
-5.63120129402782 1.71201977465835
-8.60624245910271 7.0771761224203
-4.16322843306369 0.0187730737246055
3.13642814843381 2.52084586445927
6.86323861913167 2.1062940501153
-8.17213327027945 10.3293678212122
-2.90366760590149 0.573197407186195
-1.83057979582125 1.66504034968442
-8.15516399729579 -0.501833700351793
2.4852893805514 5.88930859409114
6.63011489905838 2.51223283267833
0.310482248771085 -6.7069090149321
-3.79648914867447 1.02130892091226
-6.41833508084693 6.23935282729197
-4.67317433978965 10.6390398691943
-3.66042718169013 5.09901067934411
-0.433161535997217 5.01203971550642
-3.13279512134082 -9.47331175990596
3.2015486072506 5.34087411315719
-4.59372172637213 5.40923630212106
-4.20544434059732 -3.16744273227608
2.43384558729613 0.0382229982054958
-5.53711526604835 -3.82370111694156
-1.0852363048181 4.87422612532438
1.47187278276156 8.32529609071684
-6.50883691829464 6.44337272395173
5.84699341814423 9.53285623827652
