x1 x2
16.3796492625849 -25.1887642710813
75.7330747180709 40.2940382639374
14.5544804217705 12.4160326715563
17.0068264238086 11.6843398943935
135.479937084706 81.7036010625216
15.9469823340965 -28.082377835109
104.752743879815 34.3779574525717
106.969961997782 29.3348344684165
107.797204275717 60.1110207839172
69.7448835918485 41.6276828507192
47.4559464270367 -6.84052068374084
45.7050998723989 -13.5832607763405
105.592905310578 59.6002526012304
70.5490809694428 47.0343750190655
42.9251806836242 25.0032697647568
106.589091126691 27.873527017392
79.7516460930012 12.1436671633324
-13.8743584557164 -12.5630020386014
18.8058143480154 -28.0709187309304
-10.308706970902 -10.6022424048652
103.055312324615 58.9126230444873
105.793304083492 29.9878545004378
105.080657444208 24.5456574597211
73.0087847651744 43.937232077205
20.1147205875769 3.94748795537695
-13.8710684725463 -8.74451454523803
40.9640845696427 29.4429746261909
135.4332181945 81.3707375918404
15.4245161268937 5.91669483142608
108.695945400229 28.9712230336291
41.3477164546446 -8.20630573013483
10.4852428284806 -24.2530745758583
45.7125573912194 31.6661129891218
-13.5039168524223 -14.370513685276
43.092485496223 -4.4039275199487
134.644968837368 82.1134821804686
104.893694176137 26.6516750949714
131.487034650752 77.4126264014745
130.279957360858 82.5483474150095
-15.7385012489439 -5.91306063091205
45.3615952495068 -6.3254378015964
-12.0611675762671 -12.7712088282869
70.8707274336192 47.1255031447282
15.5032921646147 -27.9667488215504
73.1516317984239 42.4220260712128
43.4865299528583 -4.67151382350324
72.6529652002708 43.1004315634984
133.70516413189 73.9459915909742
98.1754100826224 59.9284305281417
45.9058115402713 -7.64474964973908
72.052530949831 41.3373255524545
41.9821047428475 -4.67017269370815
-13.3594501648481 -7.955411939856
130.908729506543 79.8563913657794
-18.107260036413 -8.23870751110956
19.3441161595428 -23.9730661850048
45.9893088524466 26.7024550993835
132.890218220546 82.0653058510433
-9.42663360519042 -13.6472049430682
40.6075800073261 -7.50056723983496
68.8580599825901 42.9152893783149
8.390142387046 10.7544126532742
41.8277703005017 -10.6644273499908
130.859452814465 79.9301700704843
69.7256893494474 44.1395281705337
42.2806225162699 23.1109710660072
14.7934398318334 -27.9015756247939
-15.5747945313792 -8.65543806969717
74.370665608576 40.2739881686586
106.748881080778 27.8853931946239
135.538689887039 85.9930154422456
82.1401974230403 35.5565670795331
133.737862565303 79.9794645200992
46.5240869896377 -7.37890862191953
-12.7601125112302 -11.4327005388338
46.8358763976833 -11.1971512822673
133.482301748206 76.9586229807586
72.6641636855173 9.91053400131222
19.3794864679631 -22.9143316837373
42.114315708765 25.9882841654113
107.431225496014 28.3753559416467
15.5280244464018 7.26973087408056
102.143290007498 23.9069079910983
-13.5410989550284 -9.8407888118271
17.429458496744 -28.510939017744
44.5622432979202 -6.65717924062136
132.917632857706 83.1727720584866
133.692766630991 82.034227929019
72.8451151351072 44.2429410663952
103.943968134354 29.6092041168904
129.816909441761 75.9546385784683
16.2002020045058 6.82222183759308
108.298868176429 26.5964227886186
138.080206710628 78.4378026861083
134.550431427444 80.0581834155766
74.5049554231327 44.5124426400247
11.7870408388793 7.91470623116869
44.2754381841841 -7.03071538075607
14.0295770866005 9.4028581457842
49.4261321047925 -13.1798598133446
102.831805780153 57.9632956860209
105.413653270302 27.0349017028339
12.4920463437067 7.59558112539084
45.0282354782161 -10.9704627172882
44.4765245238598 -9.44175856344213
45.9491571151495 -9.55938193542473
-20.2208036283313 -5.23568160187073
-16.9091975769565 -5.77648682154339
14.3961537399065 5.65345887963954
46.7869535342197 -5.9968248563734
-11.6958573374667 -8.83671724941943
131.683136131723 81.1765227885017
134.169469416281 79.6313349165072
109.604615720711 26.9855989316842
47.82968885972 -10.3470507556168
110.696950584067 35.8810238542599
71.9423205143513 4.58736087736578
98.6177940530489 54.3592003869096
41.2027434734972 26.1621532546207
72.2329529692149 50.0233498123889
45.3848845853359 23.3134278433725
103.334646632731 26.6949902861124
-17.7567893060178 -0.657736121060063
132.193921151545 80.5053807880157
104.430473134324 25.4014303399205
15.7311843117735 -27.4344321406314
40.7780649501654 24.2492345348413
46.535428020562 23.8631393254812
14.3666044423119 5.95930175318586
-17.5053129363226 -13.2635777974038
100.824581843366 62.3372610927973
132.528664338449 76.2824243904435
43.3904141916526 -8.9857979349693
-11.482459066565 -9.97154987863545
40.0900781609444 21.651043070466
-15.850744770246 -6.44064076526614
-15.7347418368073 -14.4326657935141
70.9387985909141 44.8578845269927
40.6524815302211 22.225971934663
104.409053862442 62.1789088688226
48.5347854892373 -9.84460771102036
43.4529268372156 29.5101253917822
-16.7688725847037 -4.71675091648406
73.2469658791276 45.3827794832727
104.262595404154 28.4061977506178
42.9735117026237 28.1597927712029
136.797727475111 73.2355127319709
68.3346684934821 5.77641336116411
-14.4166464724526 -9.092314495104
99.0241007844914 23.9419435025346
129.789306193183 82.1585726603631
104.352228196465 29.7810091602707
44.8285065916238 -9.57242904308202
128.934732620937 78.8651490320056
17.785119448538 -25.0792760336962
42.9097195281745 25.1397513956326
105.428257683507 63.2234249261677
100.731056192297 63.6164825432828
133.162489934707 77.7262447038737
37.6491552964004 -5.25166811083827
45.5847041110099 28.2663610185706
43.8903855149141 26.0111947039964
-12.0818482088795 -5.80634688708859
44.826384947691 -7.06448161897218
44.9071997705495 25.3598462703413
104.271368366999 24.5172363431667
106.674015880877 30.7367347836231
47.9693160363983 27.7996877631994
11.5391809026682 -22.7803841768918
42.1034363086049 27.6546728815896
101.59455146707 21.1535018725413
138.507256212728 83.0973617313467
106.490329659202 60.589575887829
12.5068882587518 -20.2345176831384
41.9837069676155 -9.46094956520246
44.5887626903284 -9.66490689076245
126.188554145275 75.7136640097536
-16.80547762966 -10.3598024729184
107.972723899749 61.2485196618687
46.1361714039122 -8.24567681634861
15.4197043834045 -26.350486555276
101.292672241023 31.1823659024631
47.6343006604451 -7.59392381046959
19.733225887412 10.2298556877034
45.3297086499528 -7.06072140406813
104.865727728037 64.4020074962253
46.0946010053371 24.0345971895623
72.1922264644181 49.2504800223994
100.909057479805 28.1375384284211
69.4992764357465 46.4237461184177
74.8495833129217 11.9482136161515
135.051666956159 76.1341011873283
41.0311757634802 22.4235561089548
104.478222600779 63.4828382443306
134.24860712557 80.3389738044343
40.6476325380784 28.2442370493404
12.3509570530873 -26.6646331958168
18.5112861864699 -20.3392647887301
43.4545568371086 31.0625960083207
13.0154901468295 5.95933929074266
-14.4824591958148 -3.95100277652886
133.569474617842 80.1730283899384
-12.7978615887585 -8.51308413577163
104.973350014982 25.4632641045502
-11.5525990617176 -7.15953248510017
106.024159969726 29.6200852291058
75.8973872783631 46.1411145669376
15.1897941667812 -29.487660706111
15.8920147536485 -27.8805992759866
102.339629382082 67.3482155436184
43.4033366023094 28.1138914663585
105.321075356001 64.9128301802047
73.6847328220466 8.70997343959042
131.652945201153 80.4988384997393
101.812508674094 24.2138128006483
18.218803788223 -25.3711624407732
76.2534649470913 12.3364671317179
129.519789484363 82.3180862386089
45.9784969301906 -12.4847724126189
103.806445609649 60.0377423733576
11.4955703321156 -21.81742049074
76.0788190884823 47.7809327504983
75.0236398025453 45.20259895649
134.761005243419 79.8042152211667
73.4795977439933 45.0465704513304
101.002712450191 27.4932672982142
74.4486951368085 7.59999552370044
14.0215746129159 -25.8344407419284
132.597085279207 78.0870794910343
128.752452351676 80.8302943212277
71.2190302441115 48.9207891673097
41.7557758027105 26.0682268271047
46.9093654092656 -5.95989635152005
-13.7743613527983 -17.7539734967051
-16.239862411975 -5.63763800851085
108.52679978261 22.6343613195481
-14.7650277263958 -12.5378959322842
46.3016683899328 23.9870056988622
103.133259905609 29.7237139522547
136.054217535743 85.0134066026492
104.280513931313 25.1437102928323
-11.9944293751535 -11.0786675953982
102.945407405433 63.227356951858
20.0429311943642 -29.834055591975
131.988031362146 73.2070041631901
99.1509298442375 60.2751840312029
105.46749282881 31.1122617819674
136.393268847331 77.2497454223214
103.461602545537 26.3164891666545
101.328459171884 30.6672422533428
-15.1398276676844 -17.3282612704684
42.8356443202733 -9.90464087733397
-18.4431541397703 -7.53428938641998
45.7776758089085 -11.8845597258058
43.582430429509 23.2253669737592
127.967308272434 78.0619888444792
17.7770707883028 -22.1636061664468
73.9933927896624 10.2738983832971
47.2208029618365 -7.14763421159947
102.097848911989 26.8703238792021
-17.9485711431392 -4.40918418607635
105.145448821982 26.6483139722495
106.402422966864 30.038264080138
10.6984911144164 10.2806086914309
99.9014990714279 26.3913121377866
128.674785845829 81.0745706970376
74.382873304227 15.9257387437632
131.959888126262 79.6464656673186
99.7424483941321 26.4842369459088
44.4176984417253 27.2406530375914
72.308793444005 45.9025273080201
103.077003462182 65.7258700740172
19.1203099676623 5.05076821771136
72.6654680814889 44.3661766410538
45.1189988533035 -7.14605881536017
45.0928905310332 23.0726302079815
133.550749924492 78.1335650497205
108.702319653816 26.9292565331074
44.5819869579795 -10.6132434251226
74.9323047759733 6.7310362044297
104.675768880362 60.3179243670637
103.197331598452 59.7793502569317
100.361463390052 26.0626640355645
105.423423596405 30.0631189278091
135.13401459332 75.8371514642181
19.1648611182828 5.81435181204451
79.2738109405622 41.297590341719
134.397530705215 79.0474157197472
104.899696198135 67.9266021867169
134.320977428351 74.751829906082
99.1342557144445 24.805434513459
129.265410652903 78.5101452791536
49.2418301240951 21.5237331788483
133.582821530877 77.7867730989057
130.977829187714 78.2711702397327
44.9692799704243 -7.08857791222352
45.0407117326143 -5.0632142176502
-14.8918250364975 -12.1306395754666
10.8216120551789 -26.1876935683669
108.636621001315 31.496518116829
104.054469811906 26.0844981447451
15.8462400492906 -27.9854387783588
42.5376171887808 24.5427394555135
45.0067737312011 28.3132926947671
44.1210149138403 26.9354860077446
-12.1728310737975 -11.4506416307345
-15.8189970274678 -9.414286627372
130.164438102954 78.7269747900954
45.8531939817292 -8.1080942960937
136.835641695951 84.9283365719368
16.2420472661397 -25.7896744187794
-10.7218132887053 -4.88724776270427
42.1489480892629 23.5014819742153
39.2979579187346 -4.12861348969653
71.1645313630027 45.7736637480427
47.4420429399383 26.2774800251735
131.861477972293 77.1462646316602
44.1486693504299 -9.81640767122441
102.270835441516 29.2700209982581
129.135232158059 77.9086709822126
46.2210958790642 29.2839460929612
103.857340188785 23.3395197619637
12.5686043780329 10.8932995602849
100.025448224723 30.0756918175498
12.1686665588206 -28.2581292476785
-14.5689865481941 -2.7845792280747
42.1234522484828 -7.8441832377828
104.840810165353 58.5730327482826
47.3155340984136 30.6778608917824
127.345571353076 81.091865190275
77.4396101908554 5.92584920015944
105.126898821649 30.8947059609296
46.4724632437863 26.639907572075
13.3872821149861 -19.3173923952702
105.677588846072 61.8047809451825
74.9526250540248 39.2293445179745
72.5855559405672 42.2168426045949
44.5531987557371 27.1938113124588
101.717611555205 20.7339373682937
44.9443889542926 32.1539200788947
45.8721702531231 -3.67475334108938
41.4282028361499 -9.45972695718602
130.203871020977 78.7913355637464
105.930013070489 24.8068629302485
130.314852404738 78.6262734582753
38.9812605546603 18.712483438614
12.1956903621192 11.00308962256
133.737782232186 76.4179787973748
16.1842137187258 -24.090076883417
-14.8382349456726 -9.86215371758658
13.6020516536193 -25.4574270399389
12.1983504302368 -29.587309127015
49.6333936707836 -11.5903926126265
47.7228840068492 29.160105914276
101.670719247169 34.5427611250152
127.351652110532 79.6531339489927
128.921911132026 79.0253940763331
-15.1996881282517 -12.6937226593103
-16.6260112953017 -10.6277255164549
96.211253932034 25.5475146607528
-17.1428361572886 -8.12170632484316
18.0340229799138 -26.7093545396051
105.043591212553 28.2299978316645
44.9119329154744 31.0321605425488
134.229949870325 79.0704343442229
109.235176016281 64.669778411579
71.0688563760121 47.6976023907208
77.1197437325048 43.7880644994187
75.7295759150825 47.8860929818515
14.3006487633437 -31.04333048849
131.420766027067 76.2776337335453
-18.0293440467053 -6.87247715354493
101.554140024498 24.9621509125148
102.379193077784 25.7989754487002
47.3696082396681 -9.85206453440203
-15.5001507779883 -6.44107322378811
16.9507630526693 10.3851456499379
42.077398077948 -6.92817941403689
101.046300714572 25.616188319195
45.6205107599071 32.675310169414
9.66960287230905 11.2612787830868
105.768007101 28.2309433439686
104.335482935141 26.6711338347368
44.6909061658984 -7.54984801966423
17.2511146626854 -20.4828591787064
102.547571413173 67.1054950432669
47.1585366247532 -7.07590465885453
101.378299751994 29.0734350190284
134.028964475772 84.9205445431703
103.357617172697 27.9138803994397
20.362428547316 -27.6587579548704
133.331568446768 81.3376946087578
103.643032166607 29.3010324712927
16.2660681166083 4.57384618885755
46.9435584995512 25.4009965059647
132.92328163418 77.9134773207706
-17.1966447379273 -5.16057122232065
44.8808074868316 30.1179126562767
100.596357483746 61.1440225050375
134.846992994059 83.8310903317582
41.3272053702562 -3.13711388743723
13.7778719422819 15.7455550318849
130.359144793497 79.7678357448006
131.895468975757 76.5882997762736
13.6865459645273 -25.7345406991761
14.7081672673811 6.46355935342592
104.602364565429 32.7483723991767
13.4574138859909 -27.6081563574966
39.7373096547676 19.94003752719
42.6290137145393 28.2486086360679
108.041317844504 26.4463302695632
103.466802447532 32.9299579187191
42.120244675726 23.9634470471085
11.2317380990594 11.0930882694698
131.969271814873 78.0492155788694
72.41548666685 43.9348934392184
74.9334660113807 44.3958854324475
99.3741746859998 26.049285487495
99.940077070804 65.1878772542316
49.2081035595314 27.1092528866116
9.61113337282276 -28.5957132813028
105.267461664793 25.1499112423972
44.22595276472 -7.3730263252021
127.440683017787 79.8417785061608
128.447819254451 83.6729641128406
13.3087134563618 7.73385411384873
77.6832674410079 45.1396434200723
136.388408415755 77.9849579222574
104.210861567632 30.4861988373189
44.8515115885498 25.8474204205645
130.187451034714 80.7792544980046
97.7404213040498 22.9464547930915
99.829931918744 60.508871800782
74.3364451569618 43.7617209015806
102.233635418169 29.570495016837
71.287243193509 46.3333040446363
-15.4709273226316 -3.81118145217603
73.2149329552675 44.7526184781056
67.4752842881107 6.34029324733224
72.9539083606038 10.0632352143313
45.4765997376603 27.4803100713423
107.333866493915 25.4388178909799
128.17933889393 79.7826377686736
74.4154130432245 42.2331480488022
72.7771065440973 9.2931371540144
135.185620210905 82.198715072929
42.1242608665619 -7.37581297203467
102.837795339715 34.8399437194813
-14.7348134291015 -9.01755811909298
132.726878243091 82.7739371358609
76.5579965109324 42.7294957966144
135.369939194954 83.2454310465524
73.090798959478 45.1693616300584
73.3556270789104 44.807071071948
107.034397651615 28.5306592307411
-10.8751961128314 -8.95666824022158
134.494223578591 77.597359713346
14.8226621702775 9.66774370905177
-14.4798756697188 -5.29354591199727
-17.0583943611914 -9.89926766492773
44.0260100750062 31.0414087986789
134.565428149293 82.4698814259542
76.7211397158989 43.1887439284221
16.4836383469177 8.2923378303148
42.9396169432189 30.0091285580706
7.95476030970353 -31.1979475068755
107.020168653668 59.9534547228395
76.5060966413876 45.1705006276781
19.3172180467751 -24.6800916444338
-10.4245844550242 -11.7856554849105
70.426865989293 51.5379070079366
-13.0849060905124 -13.049032300624
104.666021895738 26.4099438561767
19.2754075937083 -30.3043463154889
13.3856978246036 -22.7396881756957
103.514176794517 30.7898899063098
100.66277811932 22.7370859721585
105.795203270684 67.2705345070831
72.5701193937159 45.9875609699382
-18.3202420993045 -8.83191023248362
12.2174313785356 -26.2374234784102
12.2151327575373 -30.4285324455125
105.525794101843 32.1792649448498
41.5869881524236 32.6400486266529
-13.2487550805522 -7.40916779165992
12.9158457785952 11.0618536614547
103.390967062368 28.8513017575826
14.9277272092337 -25.4690412502377
109.984970198022 28.523973375853
16.521869012927 10.7520865864314
72.5268401054429 15.7638753837842
-14.5456337815775 -9.48014579371908
39.4161083993582 -8.66123478427832
46.3507191686929 27.2230689120557
106.784996628624 27.7780520388462
130.430300375223 77.2276129368293
74.6090527620252 44.6302899009804
16.674715146817 -18.9980103858144
103.134763134318 61.1749158688514
-11.2716431530167 -18.3588367523743
128.921283939639 78.6010378382695
73.8686258552187 44.3963440470478
103.34828624365 25.7365013192423
-10.8947940716066 -12.8241977507044
40.6504151223902 -5.83113722122781
137.380123108827 80.6309370607441
101.776385098536 59.0040353665235
74.5660641674227 13.995737593014
77.5482578692981 13.6784455514228
48.5362431404183 -9.58118309001538
9.72503149167226 -29.3270399733216
104.169036953827 23.3267487508237
104.699001227661 30.3269861792549
133.675640028258 82.5270015995976
48.046526483576 -6.39061030108161
109.185139455462 32.7962696022393
-13.1177267430925 -4.40634754038626
18.7208941382806 9.56697726688716
17.3474774592953 -29.9271445141507
76.0439716883502 14.3307312193543
132.311213399695 79.6265990914499
13.8135665105963 -23.7389116436546
128.526317506897 77.2026806575895
102.370072831278 24.3511904703174
-11.5531809970078 -11.9925037246939
46.1911243816846 -4.17475380565338
14.4808592589656 16.2245305687624
135.243115143541 80.4537218066123
133.553298883531 78.2164329745069
78.4847301875901 11.5090117897731
133.801066571755 77.8907786281075
134.839776892167 80.3329897409931
128.17400634993 79.213900545777
105.891409335495 32.1781591857063
107.745140731435 28.4262122236364
132.288945072626 79.8093313407091
-15.0525905303478 -1.70365099089047
98.2544192912884 63.4687050861696
41.3302209372935 -8.61963935705187
103.422714806507 28.200319100679
48.9760965584505 -7.67600883442945
17.2908828488479 -18.3231637294234
-11.4081717059692 -6.52390787629178
15.1702261805063 8.81910734658083
75.2705628485119 38.1684558188698
128.36487730886 75.4250054451023
44.6538824567259 29.2558620348042
99.8370230539791 61.2042455216967
43.1225302653481 -6.29391205602855
44.0892359451035 24.6445005050139
71.2964121592224 41.432601119184
12.7166803445398 -30.6968223446565
52.8464251010632 -13.1332445387677
104.078213626391 25.831207349046
105.755497794301 60.2845286268252
48.1103477194541 27.1815980669531
74.7504200471712 10.399960068908
134.874113125178 74.8237719348023
47.3090825965072 27.9070895709964
102.912089051702 64.476931764933
12.6928425936197 4.9248344035079
43.3804891118683 -10.888484437196
-13.9350521512208 -11.0646423467355
18.9287473119816 4.19052075522574
45.6411073989156 -8.78151945051579
97.9107596864728 23.1487468702386
106.975770036521 64.6580083968716
51.4446443694185 -6.04269375219474
132.202509658723 80.943409628825
104.073875145414 25.456451754125
19.8757661426455 6.18553484840439
99.6252412021123 26.9798359791116
131.98354813243 83.2601215420967
105.103099753292 27.3141286899199
74.8315319823262 45.7353720785051
101.639650035313 30.5656998394102
-16.8298059398878 -6.91507411084832
-11.044491134463 -11.5303680725869
101.561301500708 22.9498256951502
101.243876827839 27.5639948319017
-17.1479193204667 -8.39294196012156
132.92545658939 81.3951756063679
75.0515498000014 11.9592047266417
46.3667432454886 -9.94797652477053
132.374345886599 78.0867582884262
-14.7332291865891 -11.4730639445076
12.7587684844954 -21.6062503326322
45.8892338132588 -5.02791484298915
45.3545816855135 31.5260315798596
44.4531531387735 -6.33397403846268
99.8469969104629 63.2239071066372
46.4564508120115 29.4591182095408
15.2970659881302 -23.5319362268796
76.2345972248704 40.8953730710634
70.2114155269247 12.7053402738481
106.178024995802 17.5535983288013
131.550342522831 81.6838503148755
134.259393665395 80.8495905075026
73.7846935718472 49.3802619220414
100.262985071867 25.4389943487461
134.385076813235 82.3267979492175
43.7922942021469 -7.03351659771637
-15.5847888680324 -12.5942705407881
11.5524149956251 -27.4423340026691
-19.4743576189236 -9.97825832328212
78.3369571649795 38.8871900298926
14.4155195945753 3.93519682750203
12.4745433528546 12.8575603111164
-16.4926161902427 -10.6820668793314
99.5708716925553 25.8614626159116
134.280555884236 81.9213096376227
-15.3658186132013 -6.78343994964983
106.149374098471 66.6827530572585
138.309568645221 78.8155081608709
71.6173571379302 41.7425160968557
19.4592471505483 -25.9712578897154
14.333882212273 6.48098612127766
134.69220947503 75.1871873342897
125.690027171338 77.615609877781
-12.6266230265165 -17.6981059806616
110.483806082776 58.807098090712
72.6655012249755 48.1879304985111
77.9834763384362 12.2006411895914
47.4709649532749 28.3078860030331
43.6383822687395 28.3208487074362
71.4857213432101 5.94913119086945
74.812697726859 44.5617869784279
73.9345364482872 45.5423076504099
45.7529198983546 -8.13414605568183
17.0834931326991 -24.8935705905374
44.3231152142448 -9.56298066781437
126.396217236894 76.2614310569804
98.9285290058757 27.0984348486153
138.118169185638 80.7226767397215
105.845931309102 27.0072530724549
17.2463781305264 7.62596735056867
-18.275556330316 -11.5141251880204
48.7902667510522 30.2427903067259
103.584841355831 26.0787049854097
42.0491827657781 25.3930544535121
131.778897335198 81.2649847698495
-15.4563409475384 -14.0345150044932
106.375605411749 30.4155011275783
71.489424052382 43.9107016333318
17.9025337988304 -24.1161035132488
-11.1281996475198 -8.87204615487864
69.2367872729232 45.1551145117269
46.8098344265954 -11.1949678680084
101.317619017638 28.6901349591057
107.540074171826 28.1568767449334
44.4094818880738 -8.0230339965477
46.131100829737 -11.3934325365736
103.981138903732 29.1233849704629
130.745487173876 80.667273727522
51.3073995941738 26.3469970967743
102.161201325856 28.1623372953526
39.6627000550802 -2.89809960737087
44.274487689002 -11.0980704467971
102.179066024353 27.8037248408506
100.426475728184 29.6663288208359
44.3589785432548 -9.46101009930374
79.3055565963208 40.1192018728579
48.2535560765242 -6.59458237150863
129.538752846795 74.2385086867549
39.2145275247897 -6.31803970570884
12.310258002497 -22.8612144400546
13.820505206488 9.24674327449145
107.071927088188 60.2892150890348
72.1559009194625 42.1736868877683
132.781169151864 80.0228227387733
105.297989028009 30.1871258671146
79.545778529513 8.21015999031292
-13.4954371500293 -10.0489711917954
98.8260302302768 23.0377056029475
69.0424906442033 9.67047822792689
42.8217465379778 25.6081309116519
10.8177491201512 6.70938250905245
71.8355015615463 38.8818822510484
17.5244055380793 8.62422811957198
76.1196168968201 40.8365675598437
42.6824128711512 27.7940546743146
17.5097787933088 -28.9239743866163
45.5723881101624 -6.99469087282335
105.480450775861 22.1806967204594
72.7246724788593 12.4092820679771
43.1855594262429 -9.1469201473329
74.246156842132 45.3979577531599
16.2885677836827 5.62296591937953
72.9042714350059 10.3952476323262
71.6711737715659 46.658177945909
133.712307746902 80.4035309310938
103.735940615374 27.0861881384957
103.352362319064 21.8705962574626
73.4108384250634 47.6016623609734
11.457262566128 8.38134845380509
71.739565192863 3.61623568447203
101.22977126906 27.9737054564912
132.622107525919 76.8303594099382
135.721468844057 76.1652978157918
42.1873547738067 -8.32960367315935
46.6430512112261 -6.38721191426569
13.8828756542852 -25.9807506435501
46.1395658040098 23.138873174164
-14.4884073439558 -9.48891770159866
71.0944747485774 48.664965400902
131.620328242698 80.325236986501
104.880364705635 28.0358391913678
104.592090718761 21.1248105673269
-14.7250311388316 -9.82690996020204
106.936896989121 26.1530421230206
15.984832132875 -25.6155878597035
15.7619642991956 -25.5399375279358
104.666432192545 27.8500003951892
47.5239225764476 -9.03558571789346
13.8207652018605 -22.748734305137
129.035299819834 77.3754833700677
107.261529144483 63.2891382835212
-17.8637110110807 -15.0504232492432
70.5073397433933 46.5234970371576
48.9658917341838 -5.80061938927398
11.7985651290583 5.87885228784168
43.5185451131817 -6.33197484485874
-17.1054241429651 -8.67950975036159
50.804406085496 23.0952147138921
43.1847560332875 25.8632292417223
41.1790464863023 25.2018390362449
73.1727368161918 46.5081269501631
14.6559086369349 -24.316406127329
99.553294766725 24.2097635844367
100.997926143229 31.8511913813443
74.4592635926708 47.0179192923231
74.7016373637831 11.892601080189
-11.231992189101 -10.0013102343799
135.838022294954 79.5945343089547
43.4177141969056 -8.50196143940206
12.2129692728338 5.93715568646118
102.496761926776 28.5158459072101
102.624422016651 22.7675034186731
43.3615086013442 23.6967470554681
97.3921510538197 24.5531679330172
12.0768446827446 -29.1252290971825
45.4478819457967 -7.44903325054738
19.6774655501956 10.4342583797402
104.541059148152 25.5205920721617
-18.8717950689799 -8.97043371793855
16.9018927903508 -25.2407479874319
104.880871307423 24.1499714683443
47.2964237668441 23.359305141499
15.2611618772144 -20.4101653776659
100.112097089779 67.3456828022139
126.826941311196 80.098676205366
18.8100024400633 -25.3209152087534
133.335727100326 78.6518919731391
106.278059048977 28.1674207850902
-12.9673681162015 -9.36673019146454
132.500382855975 77.470205655928
15.6258225931329 9.0002482775444
102.8920963241 62.3332310575456
44.6188729258448 25.9011213216582
78.0380965533405 42.2957266255547
73.7899392079298 45.0447821414934
127.769495537374 82.5340232157475
99.1863290274695 24.2337003153361
102.17070984781 26.5869803044879
134.484106884847 80.157942106623
42.6485793160003 25.9906109912713
45.6378990424703 -4.68763592762855
-12.1367783506606 -15.4597808226893
44.7047526741118 29.5591323136118
14.2626687158073 -25.6659532292394
-19.2288158765578 -5.61327437326204
130.521540178045 74.091589291165
13.2372561045045 10.7887488078381
13.2265732724261 -22.3585891390654
105.726260432587 62.5246558216349
102.280722862952 26.6451572460769
12.209165747581 9.32337369050105
136.097231184898 77.8297542475492
106.023836782896 26.3471642156443
103.466035571095 25.7115449706041
106.980274237979 31.9176367376903
102.467853422544 59.3280140617771
12.7749462551764 -22.966784720607
19.3148872016845 -27.301408155021
103.71081315264 28.337125185139
-15.3073804313144 -8.27072361251325
77.8577469317651 6.92945460820446
128.067079755235 78.1664941431567
-15.5408989168004 -6.04292000616236
104.50819495752 27.2305186463277
74.6754467399044 9.77491359877319
73.949965691981 46.85945519044
133.992830522913 82.2931510107659
134.727814678841 78.3747415263121
13.4305219644536 10.231372970729
42.0927154137368 -6.37083515660252
73.3615798853724 8.64541985247026
38.9637933981046 19.5625997165891
16.0780863711034 5.3471041760007
35.9447043194247 -3.33555843332615
-12.5968716921202 -7.70642039696218
104.992479697873 62.4986748399039
11.8488401101112 -27.0912982073022
12.8128876951351 -26.9806287698975
14.6519835798326 9.52003062459217
131.071675802277 83.1734952854416
48.3257034768179 26.848231210417
42.5732024445919 22.3144088370793
45.4313726367845 -7.98428244703932
40.4962059230727 28.2925716747195
103.339463087451 29.0833475313549
44.7869808798712 24.8121553795023
136.407355109235 76.6535443715748
136.066573528445 82.7840572427159
131.660276886818 78.5635748502362
14.4800514496693 -25.4590712599271
101.982117469822 26.4702444368936
101.747965807785 29.2940182182444
133.052885644204 78.2039087944741
132.84141317418 81.9054573231816
105.617880086695 24.9676703038489
75.490772887867 50.227566378866
102.513379723076 31.6622643282916
44.9209686730905 -8.60814686984196
49.7943287977786 -11.2599216641949
102.6523422077 62.0124329622893
-17.6065764529137 -5.53676006183634
104.744989902612 20.9933360678776
17.4647237677614 -27.5081328888988
44.2339951898907 25.8036843166725
76.8520476237769 42.961428446786
100.820658047487 21.8609900595874
15.9691659464637 7.42701037478981
44.4072857695682 20.7503471036778
45.7030332501456 30.6868918935158
43.0841653564057 -5.31899675992848
73.4295103213633 38.8519521601446
-9.76162237396894 -8.2464878959077
134.720734432328 81.9028355141423
75.2830457534589 10.664101853108
71.5115136174297 44.6985870900317
41.8917838711403 -7.02278554859584
44.2850466445692 -6.9846168087939
8.49742273376256 -25.7215137678847
11.3775026044524 7.56831335170927
-13.6200059817899 -17.2552589558826
17.5627490053792 -25.2318477589284
100.911222129481 25.7855487559764
-14.9098248890001 -8.82332191484699
134.743856405928 79.4191461204412
98.2608081009604 25.9836313154809
71.7051282138247 40.1275106205388
-11.1755241722353 -10.4739971765943
138.95066600068 79.5607375541596
20.7775134479527 5.28867841676764
130.77661138035 82.1062755574624
132.86083053074 78.3965429800539
134.796815370658 82.2127879895892
10.1373504751042 10.6182217102742
-14.6022453954962 -12.8718883753621
12.9227665325058 -24.092782381855
137.088291517148 80.2603821564229
45.0008541852554 35.4681661650703
15.5927420545904 9.96189933777399
43.4285988174078 -5.37645643874788
135.524431750616 82.6088037835388
72.5866435423733 45.3153237433062
17.1331809156289 10.2001340067557
-14.553036472254 -7.19807667818359
74.9501113813017 42.8513283570739
43.0384126866302 -7.06089857459946
-13.6636114469959 -14.4678031053047
100.133499978474 23.0843343650054
71.1727203601787 52.0861282153505
134.899531085482 82.5352329612648
44.8297631457633 -8.21714351259404
100.877858655377 24.017014948724
132.158911534336 80.527781622299
-19.0212187055048 -4.09035483073543
104.425823028804 30.7925903339516
45.5623721758595 -7.9332893290461
43.9209232946572 24.223395171407
-16.5495949249058 -4.94953730787713
99.8742092489225 57.2930617185784
107.158858669181 32.2234733777114
78.2096064582591 43.8574353076108
46.6375280693034 -7.04767408754777
19.2657733632268 -27.8649072601745
105.95353097111 26.7847479068344
-13.4142210388769 -10.813391487262
17.4658064414007 9.29406601091616
18.3136331650998 -22.7555893242664
41.3561546766955 -3.5684480395803
134.796055355761 81.174458476131
14.1255198388462 -24.1146783800254
40.1836089692227 24.9121717956981
-11.4519734640199 -10.6183078619046
-12.7209247153869 -3.83871405667532
44.368765936807 -7.94219012220313
-18.3876402758309 -10.6903923620183
135.193478634545 80.2007706646486
77.6990616932582 9.59568975714864
136.57252809667 80.6981203710428
102.628894385286 30.4149437559306
102.069164339994 29.5459596893182
102.996692669983 63.0860707839768
103.723058571049 60.8482372680208
74.2696759683842 42.0541458149542
-16.0830222286275 -7.27334567806992
78.3578098433215 43.7728813443611
130.264282308378 79.5512621474024
11.7298291725353 7.10520360585365
-10.272274438229 -6.35768711284739
135.918733966468 78.1722795026374
132.501130097644 80.9931805596551
74.1999230978178 46.5811618692447
44.7078570971805 26.0337891839718
44.1350498361973 -6.43940192270038
107.547141514329 32.6836968112095
101.879692136329 55.696180619931
134.94819012819 80.5143147003927
42.1684163403674 -9.48121092958711
44.2415442405213 -7.91620482394287
15.999198629942 -25.4581629008417
-16.8185189246978 -6.28579927825991
107.228100047713 29.7031515065019
46.7977380984644 -5.84302623684396
-18.4353886698902 -11.9379572667562
12.7847974436117 8.60463849005127
45.4460019706275 -6.4298047823437
103.983284919585 29.3660266302843
75.3861824425546 8.48915124356284
47.6808560555001 -12.682542585084
77.6690838331511 13.5034018811836
131.321823120995 78.4193568260121
135.287708503751 86.4622814856895
133.224218252182 76.227013497001
72.7523780183167 9.65527144482247
102.871833433925 28.0439138646311
15.9253286500873 -23.9503662382065
131.526099968957 81.8746576074074
14.3798459996956 -26.1915130714459
131.316797504664 76.685762678636
39.1919960130418 -6.36882927754589
11.6889248124828 7.17384714694554
-13.8551826819291 -3.08792581954141
20.6559664131703 5.64518624734916
46.9394937151398 -12.9554138648193
132.201839417627 82.7291370179027
42.4881132812079 29.3377849144047
9.01928002099027 -23.6462505550623
43.9372016633903 -6.68313395007148
128.924785326437 80.4463408768282
18.1139040730665 8.48370020493398
103.283033909898 61.4622234483418
104.022958256584 25.0591041423159
12.7547033354249 -25.4982294619339
75.1899855353321 42.269855688485
101.288690607519 30.7930891105572
45.3354584034604 30.6390996250397
43.3612763676912 -5.23964841759293
43.3845392575648 26.6789507726289
40.429766569327 -9.94561557931068
41.7746003941668 23.7593422943974
46.528878494326 30.3901370456736
72.4832393064468 7.96955754779253
15.0393617505567 6.23987127767387
-14.6728376271988 -5.67157441465655
131.47181674344 82.9138895450423
96.9688439347191 59.031674906775
43.7689679504554 -5.32281225123422
135.29279533347 81.5707246563176
72.0396389807107 45.2540564256007
43.6678641540366 21.9690473020166
16.4716951312141 10.6569299570344
17.9388724985445 -26.6478062125492
130.53897429581 78.2667476991082
72.005283161618 50.7631814809021
45.6233099850225 -6.89881973326849
130.084952382636 78.9184907945597
74.6684830842303 44.5440002107306
101.573008742914 22.6629642573056
46.1461660669245 -7.05908072341712
132.79402774433 80.7346487486956
48.5969193862522 30.6604625550758
130.61989576193 77.5778899608042
40.172328961775 -4.22459270962206
42.2477788605783 32.7017807468198
104.616471791596 26.8140341971084
103.758105906794 31.625407679967
43.8295516225423 27.3247587903013
135.686915183249 84.1450951878897
104.230828426287 57.3521255020253
102.825059948957 28.2673787616165
133.278589727171 77.9736391160824
105.062147220564 28.0913523545673
-14.3802578476686 -5.65812077253293
46.066259971368 -10.6378267890033
74.6731225629213 11.1545561592309
71.34203466533 11.5209219003686
44.6755679529619 -7.15849326435448
48.9941226700564 -9.71958996339803
105.054444798455 32.5916784544661
17.3800422160418 -21.9451692723312
12.7846636772844 3.90188586019422
133.411648421645 80.6055117508872
132.654326343131 83.0472545556825
43.2888715008773 29.1866813090891
73.9445109878224 9.24887546987513
19.2547674663553 -27.8236820784481
43.6310055701596 -8.05210802936646
102.426665623874 27.0580783813507
126.571344785577 79.3198716644494
130.854885441918 82.6614514419288
76.4318179173022 13.3308706201979
130.15678746473 80.8111952885286
-18.4249069402777 -9.33799087840926
11.4160548592369 9.14541426568727
98.7814685168728 26.3651750933255
131.384243984659 78.0757725657037
72.6827653247823 45.2031456957876
105.008862746006 27.6347892771487
135.841589362485 81.4354454643694
14.8299297687678 13.3610365687028
75.0227025859932 44.7540223691355
125.099327923427 76.6128221328263
-13.7348318713307 -13.345979251217
130.072888790585 82.7968440571704
47.4348843395053 27.1082637112628
75.6440018034641 7.88820079082271
72.5572534160019 46.8705632157623
131.666371565071 76.1605856552072
42.3740555025124 17.9243137352703
43.6276113481791 24.7223558330044
15.9425845027575 -23.9917938562789
72.9549440624169 44.8716266588814
75.5967452293061 10.4390175841851
75.8944685788547 42.408589857526
103.632326786495 27.4949911749633
104.767245952497 28.2614066197126
103.864020623489 61.5623803054561
-16.5068869689137 -5.53189736357967
80.2955500971521 35.563513414404
18.5313039733271 6.72712543239874
105.303117265496 26.7822549130941
-16.0822377399717 -9.65306763442381
18.3220127624851 6.4436576048268
105.280136960768 51.2616481859534
17.1380568877328 4.2691947424943
46.0537215292423 26.4082009441454
-12.9931732994315 -8.7931425020772
72.0802826935694 40.7543079579923
127.386371007471 79.4080797426216
74.8510767667732 43.3651392854819
14.0882318466756 5.41915604017264
-16.7626420601297 -8.1081958045112
76.1133653344117 9.98393517283762
41.3889255203408 25.5408044374583
40.9472147550481 -9.16314010695652
107.641954279688 27.6542441935755
14.5804437587473 -27.7643277064132
74.0574212552233 42.8531626354625
17.0737318089095 14.0599214478898
70.1676515398624 44.4979365787359
46.5427683829535 24.8489539058925
103.172903706473 27.9988586039814
106.903954814236 28.3799999616142
135.225682457543 79.2803747550617
10.0670532950568 6.71663533413394
134.770395031843 77.5987159409612
100.041594179705 23.5386925552299
42.5963618950246 -5.10838878527451
100.476586087432 59.3953890781843
47.0936852605528 -6.70932621696065
137.739531224138 78.2622009558721
106.471790150247 30.6909188643013
132.559655505561 74.0831783187185
15.3846327983046 9.9566590456965
72.2799796656166 48.1448559985496
10.215462380026 -23.5328222960022
105.150714030696 64.9745544770581
14.5791228291435 14.0071927464492
39.483369010774 -8.58602517409961
128.378304365108 79.0070474301862
131.658562464804 82.7735562254544
101.306020720322 26.5474452429011
43.1266112735109 -7.13282553427585
70.8022837703505 14.6134445589935
126.385424775902 83.2018648093828
101.262413521611 59.4116533757089
13.4584887845227 -29.5173134186332
103.7771097127 64.6494137168727
101.48084428219 31.2033836144076
76.3136940930276 43.5507536216722
77.6288323278009 41.1147441909438
132.67338566758 75.816256823046
106.97308275364 24.3134052114795
101.924757087361 26.553057964794
100.460097277785 27.5391235721008
-15.7319455339592 -13.881209497335
-16.0952300614182 -15.7842980828052
103.231765727362 63.3621007522794
41.745970075028 24.4066440842847
130.077811116241 79.8804423690714
11.0948558404258 -24.4143931001545
47.320311731414 28.976657907852
42.7161900712158 -8.34241615445216
131.274224963464 76.8053710110263
41.8895471745917 29.7615866500867
134.373115078518 80.6578945411464
-16.9376395775132 -9.56920526428771
107.486667240563 29.5672675213767
133.192764417373 76.0170235389218
108.02619413694 31.4439034852181
105.14830296271 30.1770151765119
16.4098497464378 -24.1153562467964
103.888845662471 24.6653401064029
12.7856416258373 5.69140432177941
43.9614891352747 -10.0036158404812
76.3764328581961 8.00016644758998
75.5843112269405 40.6805896653134
15.5712219530915 -26.5455392316491
76.10111490801 44.3192695348857
43.725963551731 24.9465096091502
-13.4469196239507 -9.18655629086603
-13.8922708698314 -7.05460550573004
105.633380181062 23.6206870327302
105.186960600369 26.6731392598033
132.110123067679 76.1906909204713
-11.6586374815325 -12.3966944250242
102.030504076947 58.5400596269259
134.496868846021 76.2475056154688
99.8914162798716 26.6746359163355
74.2551144490743 16.0576807447354
76.2813866184411 13.107288019671
-15.2216989834654 -11.0074571736237
45.6716094031894 25.0946613683072
42.3585843745236 -6.79041186811591
103.120481194987 61.6366396868357
43.4672363430513 -8.21802642307203
131.316091696063 79.3021067915987
12.573226248518 9.07217800613454
99.077030768408 27.138134067879
137.088025361548 83.4280003878753
78.2118192372284 42.2380448373923
12.6189844393421 -24.4760733767323
72.2491691161527 11.4612884419727
108.873542000598 65.3390549036277
72.8126606518071 43.5791834265617
44.5786241815281 24.8070642524515
12.0694848749434 7.23037002212086
132.002907861104 76.6054462117284
103.921582773305 30.6925308282178
-13.7615660314711 -11.5447595206537
71.0424459518027 46.6223010801128
104.690732149413 26.3208685469374
-19.4418802350782 -10.5080231315857
44.9091544131527 27.6471807648753
102.85401273456 67.3913444721973
44.6087717463447 -7.05394075331638
-14.6753257636763 -11.5107769040148
17.0218899294378 12.4009669900861
73.4514922097176 41.3407865146666
50.529431813292 -8.36567203488239
-19.6780661199035 -1.45844113892453
45.9620212352658 -4.47901462631208
104.755428946765 22.1989732198209
14.6302762325364 -21.12647099527
45.5372055698803 25.496230455179
69.9086020307664 47.6336586457465
44.3550184249507 -8.38147205712285
12.4417819793748 8.83564612103268
130.72452335833 77.841502523029
132.804498196128 78.2208800742062
128.602966774409 83.3460110612181
14.8990473499061 8.36518540533401
-19.9674129324333 -7.22139398959948
14.4282010498919 -19.8659443542612
-10.8474948453657 -12.5868405367349
-14.4735550589682 -15.4955721091905
49.0286024872866 -9.08259323214009
