x1 x2
12.4085283028108 947.886669724895
-1650.64112286596 19.8503529332298
-1655.09451479369 21.1648294580731
11.5507443194957 958.163955464169
-1650.17477580709 19.7953728191323
-1654.11585238276 20.5806620243373
-1653.89162338705 24.2481014686255
-16.2617920337368 -955.444939890482
17.1222932781423 949.870050514885
-1652.77756077451 22.6570488848673
9.47523454787473 956.021595122031
-1653.09499445568 20.5952758569652
11.4197889307461 952.253904704828
14.8573873845958 956.310642685135
-1647.87507114837 17.9000147785596
-14.0596649607467 -954.90324697113
12.3307166079309 954.789661479131
-1650.17142849468 17.4872940795762
6.29978500975379 958.623884974768
-1650.61612832426 18.5447841812683
-12.2424840588664 -957.21988548274
-1656.37344886493 17.1544625963179
-7.31643651899209 -949.375041200642
-1654.97361868528 22.7568748445751
-1652.21500170729 20.9516776687897
-1654.13090733503 20.2678170837544
12.3052687575162 956.915724095814
-1654.31095097099 20.7472472856345
11.0249729037712 955.603459606279
-1653.84762308731 18.9206570989795
-1653.6717047997 18.3735980444881
15.1949334230801 958.82616478093
-1654.18887792596 22.9838235713908
-12.3846516757469 -956.572226541871
5.79894660251827 952.028956529257
-1652.48952022172 21.3515602968533
-1649.28831159881 14.3029783282398
-1651.33356104085 25.0624896400055
-1651.79156206609 21.0156953153557
-14.2366871359431 -954.828148078919
-1653.24415427916 19.998927068925
14.7967115388816 956.750780405685
8.81798806096164 959.046389258263
-1653.56442423309 16.7490879446334
12.4779654221159 962.725816011603
13.7794600603175 956.106526316833
-1652.93717703977 21.7125912879405
-14.6430167210198 -955.02676607261
-1656.91617114815 20.9494774934434
-8.94653905768842 -952.091104088503
-1649.81011786187 17.2509302021328
-9.56233916085545 -953.864922849714
-15.5877380807081 -956.114620685407
-1652.00032491285 22.7553314143136
-9.40014924467075 -953.128262299129
8.06962439102863 958.076877516786
11.8250930055336 949.950173250438
-1653.11626795798 16.6807487965477
-13.4635664993032 -953.766032923747
14.1864473620211 951.63142510114
-12.3399361084266 -952.643758449794
-11.7234190200755 -955.349198578006
10.0586950554939 955.604092393723
-1655.40744241377 19.808045958468
-1647.36070594916 17.3438059714435
4.46383881969536 954.288553811989
9.60363692805195 954.340218057186
11.3272964440241 954.513688131099
-1653.34303007309 18.2542643347004
-1655.23623367315 16.8291555876626
10.3017450164645 954.170510807456
11.1090651827657 959.720040210191
9.49138945361559 955.48561707459
-8.84928136576747 -954.284334345441
7.81183908158443 948.895380683546
-1650.32684089613 20.8411742692428
-13.2400897532766 -955.079503940589
-9.03556167251187 -955.286368664476
-11.2920696511672 -954.575522662862
-1654.13351272983 15.3453258151255
-1652.58652201311 18.8312847887807
-11.6746436709565 -951.296785099684
-1652.23976515032 19.016409604297
-10.7924264362487 -952.039236367896
-14.9039234270569 -955.235854517482
-1650.36788650438 21.7565297597997
10.1545326631948 951.472051917652
-1654.33189488379 23.9211800546361
-1656.53479615617 23.7436294507205
-1650.52436822981 18.6453274451495
-1652.99392809061 18.178507598267
-13.6161702243286 -955.315412957895
-12.8946748567399 -950.453506490904
-15.3891306806833 -954.496114506273
5.86250071059144 955.786596542852
-10.8776190750928 -953.022423803094
-10.4570892948977 -952.106529148393
9.66337830131051 951.198677191607
7.014916040801 957.015820018743
9.35724640685764 949.068043113702
-1653.33050678628 22.4566269603728
-1654.53098230851 15.2471099754979
-1650.40775861754 19.6399998920664
-1651.85438423823 18.7092017631274
-1652.09539162004 19.0316020203229
-12.6599073072708 -955.447740038657
-1651.41573746034 18.7202199278247
-9.47865063607353 -951.785208248892
-12.3976265595715 -954.61446738639
13.0191044082095 948.813122243344
-1652.41937289446 19.9479222249721
-9.07075222811794 -955.49218699127
-1651.23451917931 19.7836230242485
-1654.48786888346 16.6919699640596
-12.9528903751529 -955.867380737871
11.7103483123259 951.689838433333
-1654.25552441569 19.2555886264633
-1654.2688817767 22.5170859764989
-15.5779915751211 -956.375970296081
-1650.76589963908 19.9326430204648
9.47426721268941 958.042643198742
-1653.57911815272 19.4775169154584
7.2872032537804 955.126623913215
11.4298036927161 947.932222129841
10.5335236004825 953.261317765453
-1653.69445031193 17.4337796545412
-1654.97439760216 22.4406134681783
-11.9224015884025 -953.79871349027
13.7550797382886 948.5751000923
7.84786912594654 952.550553672291
9.80277129685243 956.348541493015
11.4446765319616 954.880174545475
-9.72122150669015 -952.244672381141
12.9438653528693 951.236196357932
10.097943549884 950.490524251937
-13.3961793647554 -953.892235667574
-8.25530829877462 -952.816642146047
-1655.19809870093 22.2664159034336
-1654.04790583692 16.3924897103116
15.4256486342635 955.115640959211
11.5714317469771 951.049899246009
-1652.38929190742 19.1706357161131
-1648.50923906956 15.6159381594599
-1653.24178156502 18.9045564102435
16.5168543193521 955.55466693847
14.9009740906306 948.695745881625
-1653.46766741805 20.8425536819945
-12.4704691475505 -955.516093995992
11.4669556842762 952.398391843369
14.3914193554048 952.963241345098
9.2134402250018 953.466444685541
-1655.31973950889 18.2030655106494
-1653.63030807173 18.7090417191343
-10.6929091573251 -951.557722099763
-6.162944612117 -950.359686748654
-1655.76885917766 21.8866787205233
10.8535377999974 956.408693676342
-1649.93573806061 17.8926481472417
9.44412789127729 959.052971487794
10.7987920817096 952.691283409304
-1650.15315251814 18.1505121038678
-14.1169646852042 -956.848921870007
14.7057806238809 954.435238748872
11.7323741165538 954.036304846227
-1652.62076397909 14.8364315356159
-1655.33018913209 22.9457819394419
11.689077659369 949.300836787742
10.3014772203595 954.525665909301
13.3342971356796 956.922046315099
6.80881897078688 956.648576532475
-16.8849105236366 -954.877037729924
11.0975498472577 952.1224172238
-8.40149687776749 -952.620009158073
10.6396047714186 953.756873245731
-9.9318610654181 -953.491929359734
-1651.92654591719 18.8991868470611
16.4521544683156 955.532044644979
11.6276673239471 952.171370742852
12.2795112085395 956.826151449139
-1654.20865418651 21.6579546010656
-1650.16051553284 15.7929720664218
-12.1953830841507 -953.85965101349
-1653.99507202816 18.8397541959114
-1650.41249299708 19.4004972235216
-1655.31316582678 21.9317543796507
13.0558212254251 954.427533272119
10.457498298896 953.812618324107
12.9099243381658 954.453364158056
11.1823354533849 948.847713837793
-1650.58236349911 17.3799982665026
12.0843842050173 955.315199147461
-11.3581940643841 -950.511034585681
-15.3444047568064 -957.15388002058
-1652.36891858029 22.1159525277627
13.1269774081736 953.95268708268
-10.224187594624 -956.131636636973
-9.51386386508245 -951.857248509745
-8.28275797091693 -950.247639430841
11.5327226567964 950.552643300641
-11.3728255436766 -953.868129164372
-1655.31055552603 23.452010670007
-1654.22566040865 21.323685036748
8.18463077935498 954.764475392797
12.9962482365966 950.400045090074
-1654.01481175644 19.044187494124
-12.2260936407882 -956.38380337737
-1651.98426452367 19.122275406992
-1652.465199666 24.7547316731019
-13.2395784862801 -954.620556069137
-1655.065639642 23.6864307221868
-14.7986028100959 -957.545112634911
-14.0631235824369 -952.54273050635
10.2975898218877 956.290442605007
-1647.67852119894 18.3893539410051
-1649.82925993643 20.8079076731642
-1655.1200215281 15.7100655217454
-1651.40403162282 20.7577244646663
10.954665592437 951.961843504398
9.64539750690586 956.550233442427
-1652.25558364477 22.2171714569408
12.7907977543241 953.06855610764
10.3553854935069 958.236110899855
-12.1632865244 -954.431595897526
9.70374671947041 954.985499583078
-10.6637017606906 -955.00535641908
-1652.51727394872 22.302755452017
-1656.27627188913 21.6159023658702
11.9548923260539 955.821740553138
-1653.79597733682 14.9122839861219
12.696951932585 955.486133802875
-1650.3295864721 13.0642872720433
9.68002708865022 953.166633179466
-5.63827409055305 -953.021294322627
-1654.90089951229 21.4403394632746
9.93338627371856 948.157023702808
-10.3251195879237 -951.763730720427
-1650.77136550632 18.1804613623412
12.2950285371937 951.879682054939
-5.5623084575357 -952.526214612213
-12.8697175442466 -951.062010275505
-1654.01226673919 18.4366309345146
-1653.59242797215 17.3709448533612
-1655.10969687173 19.6766793010711
12.734505764613 955.151641369882
-11.4391440830217 -955.00193570536
-6.46342063690068 -952.477192545605
-1653.01951158575 19.6865101335772
-1652.17138767033 21.4838101002979
-1655.83866622833 18.7740183300603
-1652.35194854594 17.1179313901407
-1652.54113101758 20.904483345851
-1651.5844362898 16.7019575806194
8.29141555963559 955.991251361171
11.8869632890078 953.651434618581
-1649.76067471788 20.4122634186643
-1652.15693387916 21.6737660858481
16.9644578161013 952.116354045431
14.4380538153436 954.19696998073
-1650.06108269437 17.7289838165553
-1652.46294034814 20.6714268689609
-1655.16188014454 16.5902908599221
-1654.31959830984 19.7134456572268
-14.7793371249844 -956.602393316133
-13.9428348374407 -956.303913430149
-15.0402092043789 -956.333768887276
-10.4055277981988 -953.374363821896
-9.04607428715255 -952.956927041628
10.5409223587417 950.427419573684
-1652.37997723895 20.6456678122881
-8.3011874583632 -953.372248356354
-1651.9312422078 17.4541701552776
-18.3089459684652 -960.786731650787
-12.3023224714888 -955.624593809003
-1653.92447099155 22.8770667343268
14.8380916489413 958.546103652072
9.94995657866115 956.837902942901
10.913497966596 951.380311456913
-11.587481554874 -956.17644374869
10.8928096823392 954.660675974392
14.1046407780715 954.339071951922
-1652.43701183912 18.5646178717024
9.77064779445657 959.335923235159
-1649.48109767511 16.501377032127
-6.5239600057196 -952.170940193921
12.7791094590202 957.087441046483
-15.9644009216111 -955.752989965957
-1654.04811318018 21.4773913952275
-14.8759402241918 -956.030512452952
13.2155434995236 955.487282114259
6.32625556918047 952.147711037566
-12.9148456891049 -953.61402510643
10.7109848409438 952.968213555613
-1655.90237647549 22.545303394231
-1650.71713686773 16.1602194309646
18.6970903748041 949.81754059817
-14.4085023292529 -955.693767542647
13.6442773649296 959.116748984275
-4.94474761187659 -951.68227448617
12.7301001287052 956.560485105443
-10.5966636639618 -952.83010290124
-1655.02137283743 22.4638769230297
-1649.71958999441 17.3418950835405
-12.8266293900744 -953.587828684989
-1652.68996774199 21.4421056776555
10.2646898245855 952.152776980744
-1658.1594608583 18.9736716692596
9.88024297728284 955.047910920075
9.12880663723242 954.041533694455
12.2339216667643 957.910926816557
10.214445286312 956.927251733646
12.8538905172136 951.528651019764
-14.5342971901102 -955.35103938653
-1649.61852440391 19.6667947065566
12.3266367621274 952.15548627718
10.8539025244696 953.866640457369
-14.8007748866528 -955.298309411997
-5.66621220222806 -952.341142078863
-1650.79486652429 17.7695751357871
-1648.00597405099 13.9617520818216
-12.5773045071758 -955.710388758462
-1652.9037450979 22.830912390258
-14.8953960781128 -953.761128684837
-7.83712711399699 -950.560013658399
-1653.81153955851 20.3004768144795
-1654.99640179021 21.9967995789552
-1651.14333824857 16.8334409717998
-1650.27027527154 20.6351436914329
12.6357868678985 956.446833531089
-1651.29982107621 19.2687887343635
-15.7702588786471 -958.624935947242
-10.0546762258888 -954.397226902631
-12.8778006406233 -954.476873458918
-1652.77270829207 20.4975611148912
-1650.48614817445 19.3302606468382
9.47817968923848 955.757194152695
-8.95520560610723 -954.109254816218
-1652.63936707607 20.603543276472
-17.2479940362663 -957.122009099137
-1650.25026049506 19.6105259191983
-14.4613432764586 -953.392127608296
-1652.49776246099 16.0154360480341
-1654.41842195414 18.2466826510337
9.46531955250065 955.971418346313
-17.242730257683 -956.39968789893
14.6627522950836 950.341453091285
9.86553052157368 948.845602122447
-1656.09912034684 20.3122342548716
14.2201314994132 948.658858508449
-1650.21133729162 20.1534522571583
8.81487216412996 958.108654518749
9.58112410569859 955.447593387428
-1652.50292126177 16.7365230816541
-1651.3877435109 19.9463364466184
12.720768110885 956.10887215955
6.82539253311416 949.535480224183
-1649.52273005195 19.9655432121062
-1651.33269182158 18.8338705705273
-8.60365807271401 -953.089236841388
-1647.57492429161 17.1522821506415
14.6541435948635 954.068973194351
-10.9975615330399 -953.732640621309
15.9230601066783 957.865395837727
-1651.39124865515 19.575428740546
11.7544927816761 959.880237847014
-14.8607134201752 -957.028079542286
-1652.63314048912 20.145222221849
-1650.85999523717 17.4383031268651
-9.8837279467676 -954.982127029308
-6.6613384314013 -951.567562414252
10.9257793647448 961.41112745962
-1655.86031830393 23.2461334054878
-1653.10382799892 24.8505849707822
-1650.54543885302 17.8546408273409
11.0203138712463 953.73794040905
-11.8583130136655 -955.194158881956
15.6415270554311 950.245290217052
-1653.12173941769 18.1571298925773
-1650.07308756395 13.704029187517
12.0990058052414 954.137471925203
-1654.50491530081 18.2330321290052
-13.0752022907484 -953.436548357392
7.09258569396403 959.305349685023
12.6296340167712 958.188621944192
-1656.73082851847 22.6721484786578
-1651.87666537406 18.128988695317
-8.79750285822248 -953.175935747925
-1652.62240670225 21.3371300848965
-16.0268399717087 -956.979676969748
10.9338126659196 954.85588899697
-1650.02481642906 18.0612746450354
11.9809888509565 950.244145664742
-12.084973984787 -957.410665403827
-9.42686476790318 -953.280915784717
12.091168676388 956.98968610798
11.3531589426166 951.643455807392
8.31865361051379 950.876323860314
13.0515386201115 955.087469851651
-10.9415268431143 -956.028052953081
10.3211564073183 953.305559861807
-1648.9129728313 21.2200845103702
11.0640047740372 951.51169419736
-13.5755945386782 -955.335859843092
18.5059547218217 955.122358926799
-1654.46781941127 21.017510825471
13.517695257134 954.196565985306
-1654.64537940861 21.2815048978015
15.3025422455789 953.80427479935
9.55102996473928 952.987320400522
-1657.60011568338 16.3847520151062
-1656.1833584212 20.6311861781997
-1652.7451648536 21.2137068090282
17.9004775780578 951.963661755826
-1654.3335103307 23.2441470980041
-1655.89036131963 17.0772191852843
-9.89589430554864 -955.567964689985
7.96257220342513 951.339806539656
-9.75907488806827 -954.742596506233
12.7775959300895 959.289108428146
15.7469231542494 954.645353734094
-1652.90891788782 22.0822654857693
-9.22017896265324 -950.570126917635
19.9481166145786 952.197034095497
10.2188247032684 953.884180120944
-11.857516054303 -956.587995997201
11.2766074897734 956.808981103089
-1656.13607995248 20.1382208004672
13.0177554163452 956.523534911309
-11.619514640487 -955.955516174838
-9.3376543636671 -950.60401380848
-1650.57924311844 20.1532740055606
8.91526498144167 951.554173815373
15.1311987336916 950.721164762571
14.6764982115378 951.974131349478
11.0937201753109 949.960479380345
-4.04416543187511 -948.632640602669
8.37268752503512 956.543199529038
-1653.25579824976 19.1727769754499
-1650.19549943395 18.8652002158611
8.32698681422013 953.431633900459
8.42971975372135 951.999040126276
-12.6789211565005 -952.177736519322
-1654.21835524112 21.729742031805
-9.90874355366004 -953.123765590738
-7.65983578035025 -952.637629483296
-10.5130631341794 -951.997982403382
-6.60102089122751 -953.342582980404
8.78020968401904 959.31727898996
-1651.57368554828 17.3786261233768
-1656.13861618025 21.1444168227229
-12.2225763980475 -954.275084220993
-1652.51285406156 19.9822092716049
-11.6261176008009 -954.691512846571
7.69884447340308 953.099799866546
-1651.57016097953 19.0890906298951
11.6499628324461 954.684903659137
-1654.71000964811 16.454009490311
9.95568005963118 953.433203837329
-11.344905366472 -956.1866882838
15.462063165152 953.65722258009
-1651.48039811506 18.2551034634978
8.50945444510501 954.924791035048
-1653.1015550723 20.5570720664168
-1648.051326332 17.4246434281808
-1648.83277237169 19.3142336695874
-9.74114275356771 -954.42354991984
14.680898890687 950.475307763203
-10.1770362558427 -954.866571987966
10.8433644543131 954.167640244146
11.1549367501502 958.424060565042
-14.5580345727188 -957.604227665214
-13.1401499360562 -957.013831484678
11.1135141511154 951.383233329337
10.2265113235847 955.540367679893
-1653.84453367546 20.7540545259272
-10.4820239362802 -950.610507815553
-1649.86024148837 20.617476841482
-12.0872888759831 -957.264860956177
-1651.87492198413 16.2677860453699
-10.9353169269025 -954.201714397588
-10.7711977225776 -954.825294520672
-1654.91374933981 16.3023753370411
